world: 8bbe10e3-1fd9-49b5-aed7-b294347cb72b
world-name: principal
x: -74.54970530590528
y: 138.0
z: -368.72571994335505
yaw: 0.264909029006958
pitch: 12.063468933105469
name: Aeloria
lastowner: 29fd8388-8ad2-3557-a4b8-906cbc75df5e
