world: 8bbe10e3-1fd9-49b5-aed7-b294347cb72b
world-name: principal
x: -1860.913731881628
y: 78.0
z: -1693.5251299316242
yaw: 130.72024536132812
pitch: 3.339905261993408
name: Aextun
lastowner: 29fd8388-8ad2-3557-a4b8-906cbc75df5e
