world: 8bbe10e3-1fd9-49b5-aed7-b294347cb72b
world-name: principal
x: 3666.4687267193294
y: 134.5
z: -1187.033417893187
yaw: -35.400550842285156
pitch: 8.099894523620605
name: AlmasAeloria
lastowner: 29fd8388-8ad2-3557-a4b8-906cbc75df5e
