world: 9142f9af-7d58-4c11-8757-3306cb8fb950
world-name: pasatiempos
x: 2168.554247620565
y: 15.0
z: -88.25914114752577
yaw: 120.95835876464844
pitch: 7.016491889953613
name: AlmasNexoth
lastowner: 29fd8388-8ad2-3557-a4b8-906cbc75df5e
