world: 8bbe10e3-1fd9-49b5-aed7-b294347cb72b
world-name: principal
x: -40.989674745621265
y: 277.5
z: -3088.4967454381595
yaw: 176.85157775878906
pitch: 31.3499813079834
name: APilarHielo
lastowner: 29fd8388-8ad2-3557-a4b8-906cbc75df5e
