world: 8bbe10e3-1fd9-49b5-aed7-b294347cb72b
world-name: principal
x: -1585.5465473258105
y: 277.5
z: -2341.940061182773
yaw: -90.74887084960938
pitch: 85.04995727539062
name: APilarViento
lastowner: 29fd8388-8ad2-3557-a4b8-906cbc75df5e
