world: 8bbe10e3-1fd9-49b5-aed7-b294347cb72b
world-name: principal
x: -1984.3655272544438
y: 96.5
z: 366.2520977837441
yaw: -179.84840393066406
pitch: 47.2498893737793
name: APilarAgua
lastowner: 29fd8388-8ad2-3557-a4b8-906cbc75df5e
