world: 8bbe10e3-1fd9-49b5-aed7-b294347cb72b
world-name: principal
x: 43.497015268759135
y: 97.5
z: 1905.3070547912976
yaw: -1.7980310916900635
pitch: 56.99997329711914
name: APilarSonido
lastowner: 29fd8388-8ad2-3557-a4b8-906cbc75df5e
