world: 8bbe10e3-1fd9-49b5-aed7-b294347cb72b
world-name: principal
x: 2641.8529826192976
y: 42.5
z: -195.59606933080107
yaw: -91.347900390625
pitch: 57.74994659423828
name: APilarFuego
lastowner: 29fd8388-8ad2-3557-a4b8-906cbc75df5e
