world: 8bbe10e3-1fd9-49b5-aed7-b294347cb72b
world-name: principal
x: 1402.548053492647
y: 69.5
z: -1921.4783690991617
yaw: -0.2983928322792053
pitch: 82.3499526977539
name: APilarRayo
lastowner: 29fd8388-8ad2-3557-a4b8-906cbc75df5e
