world: 8bbe10e3-1fd9-49b5-aed7-b294347cb72b
world-name: principal
x: -2988.513086011322
y: 80.0
z: 461.3710272154447
yaw: -88.46661376953125
pitch: 9.505112648010254
name: BarcoAeloria
lastowner: 29fd8388-8ad2-3557-a4b8-906cbc75df5e
