world: 9142f9af-7d58-4c11-8757-3306cb8fb950
world-name: pasatiempos
x: -352.9527873206503
y: 94.0
z: 519.4365475874375
yaw: -0.0988897979259491
pitch: 19.649978637695312
name: Botanica2
lastowner: 29fd8388-8ad2-3557-a4b8-906cbc75df5e
