world: 9142f9af-7d58-4c11-8757-3306cb8fb950
world-name: pasatiempos
x: 136.28570203188195
y: 52.0
z: 667.470873121821
yaw: -91.34066772460938
pitch: 15.577713012695312
name: Botanica3
lastowner: 29fd8388-8ad2-3557-a4b8-906cbc75df5e
