world: 9142f9af-7d58-4c11-8757-3306cb8fb950
world-name: pasatiempos
x: -894.0599767212317
y: 201.0
z: 656.7190749274789
yaw: -137.80538940429688
pitch: 9.06843376159668
name: Botanica1
lastowner: 29fd8388-8ad2-3557-a4b8-906cbc75df5e
