world: 8bbe10e3-1fd9-49b5-aed7-b294347cb72b
world-name: principal
x: 955.5367696270698
y: 71.0
z: 253.13470286087914
yaw: -137.02609252929688
pitch: 18.06402015686035
name: Cali
lastowner: 29fd8388-8ad2-3557-a4b8-906cbc75df5e
