world: 8bbe10e3-1fd9-49b5-aed7-b294347cb72b
world-name: principal
x: -186.6571453545104
y: 244.0
z: -3140.111263645729
yaw: -85.46646881103516
pitch: 11.75505542755127
name: Cumbres
lastowner: 29fd8388-8ad2-3557-a4b8-906cbc75df5e
