world: 8bbe10e3-1fd9-49b5-aed7-b294347cb72b
world-name: principal
x: 1848.2800724550436
y: 84.0
z: 425.997270372906
yaw: -142.12612915039062
pitch: 23.4639835357666
name: Dolafarvd
lastowner: 29fd8388-8ad2-3557-a4b8-906cbc75df5e
