world: 37121d94-1182-4aff-97c5-7b7e7e243d41
world-name: dungeons
x: 0.6746974399977773
y: 40.0
z: -1.4672425140679952
yaw: 178.34970092773438
pitch: 32.54997634887695
name: DungeonJungla
lastowner: bf5bb36e-8118-3c43-a71d-3a2e4a2be5e8
