world: 9142f9af-7d58-4c11-8757-3306cb8fb950
world-name: pasatiempos
x: 46.770585622672016
y: 92.0
z: -302.22755634412727
yaw: -89.32239532470703
pitch: 5.250034332275391
name: Lenador2
lastowner: 29fd8388-8ad2-3557-a4b8-906cbc75df5e
