world: 9142f9af-7d58-4c11-8757-3306cb8fb950
world-name: pasatiempos
x: -852.9918623003003
y: 46.0
z: -309.92832762640757
yaw: 50.9945068359375
pitch: 9.749906539916992
name: Lenador3
lastowner: 29fd8388-8ad2-3557-a4b8-906cbc75df5e
