world: 9142f9af-7d58-4c11-8757-3306cb8fb950
world-name: pasatiempos
x: -231.72549891785434
y: 78.5
z: -329.996833897514
yaw: -139.42208862304688
pitch: -18.000011444091797
name: Lenador1
lastowner: 29fd8388-8ad2-3557-a4b8-906cbc75df5e
