world: 8bbe10e3-1fd9-49b5-aed7-b294347cb72b
world-name: principal
x: 57.57426207005251
y: 80.0
z: -8.961853689260776
yaw: 48.856414794921875
pitch: 6.360876083374023
name: Luxhenia
lastowner: 29fd8388-8ad2-3557-a4b8-906cbc75df5e
