world: 9142f9af-7d58-4c11-8757-3306cb8fb950
world-name: pasatiempos
x: -1057.1461819257975
y: 67.0
z: 190.55260620054094
yaw: 63.564910888671875
pitch: -1.4909120798110962
name: Minero3
lastowner: 29fd8388-8ad2-3557-a4b8-906cbc75df5e
