world: 9142f9af-7d58-4c11-8757-3306cb8fb950
world-name: pasatiempos
x: -310.341059939043
y: 134.0
z: 126.97514693626522
yaw: 41.595428466796875
pitch: 18.896848678588867
name: Minero2
lastowner: 29fd8388-8ad2-3557-a4b8-906cbc75df5e
