world: 9142f9af-7d58-4c11-8757-3306cb8fb950
world-name: pasatiempos
x: 84.4277030303816
y: 156.0
z: 183.70085439752518
yaw: -0.8283186554908752
pitch: 2.700035810470581
name: Minero1
lastowner: 29fd8388-8ad2-3557-a4b8-906cbc75df5e
