world: 9142f9af-7d58-4c11-8757-3306cb8fb950
world-name: pasatiempos
x: 1023.0951313646506
y: 6.0
z: -165.94614501600486
yaw: -179.9150848388672
pitch: 10.35035228729248
name: MuerteNEXOTH
lastowner: 29fd8388-8ad2-3557-a4b8-906cbc75df5e
