world: 9142f9af-7d58-4c11-8757-3306cb8fb950
world-name: pasatiempos
x: 1022.6604625683683
y: 64.0
z: -158.8900396715735
yaw: 0.23486328125
pitch: 15.000383377075195
name: MuerteAELORIA
lastowner: 29fd8388-8ad2-3557-a4b8-906cbc75df5e
