world: c025a4d1-7010-4097-9a89-2468a114fff7
world-name: eutonia
x: 695.4518474339887
y: 105.0
z: -972.4555344724498
yaw: -178.35079956054688
pitch: 85.80001831054688
name: NPilarRayo
lastowner: 29fd8388-8ad2-3557-a4b8-906cbc75df5e
