world: c025a4d1-7010-4097-9a89-2468a114fff7
world-name: eutonia
x: 1308.4312120936565
y: 125.0
z: 94.57405295205392
yaw: 178.3492431640625
pitch: 87.45002746582031
name: NPilarFuego
lastowner: 29fd8388-8ad2-3557-a4b8-906cbc75df5e
