world: c025a4d1-7010-4097-9a89-2468a114fff7
world-name: eutonia
x: -995.4037973808262
y: 135.0
z: 178.42909738929345
yaw: -179.100830078125
pitch: 89.8499984741211
name: NPilarAgua
lastowner: 29fd8388-8ad2-3557-a4b8-906cbc75df5e
