world: c025a4d1-7010-4097-9a89-2468a114fff7
world-name: eutonia
x: -25.52229463636035
y: 96.0
z: -1610.419246072094
yaw: -178.8009490966797
pitch: 88.49998474121094
name: NPilarHielo
lastowner: 29fd8388-8ad2-3557-a4b8-906cbc75df5e
