world: c025a4d1-7010-4097-9a89-2468a114fff7
world-name: eutonia
x: 18.406936067312106
y: 96.0
z: 949.568108929338
yaw: 178.04937744140625
pitch: 88.34998321533203
name: NPilarSonido
lastowner: 29fd8388-8ad2-3557-a4b8-906cbc75df5e
