world: c025a4d1-7010-4097-9a89-2468a114fff7
world-name: eutonia
x: -789.6193851553357
y: 103.0
z: -1180.6436673555008
yaw: 177.59942626953125
pitch: 90.0
name: NPilarViento
lastowner: 29fd8388-8ad2-3557-a4b8-906cbc75df5e
