world: 9142f9af-7d58-4c11-8757-3306cb8fb950
world-name: pasatiempos
x: 142.43893970752092
y: 86.0
z: -758.3587934893475
yaw: -89.8097152709961
pitch: 49.781253814697266
name: Pesca3
lastowner: 29fd8388-8ad2-3557-a4b8-906cbc75df5e
