world: 9142f9af-7d58-4c11-8757-3306cb8fb950
world-name: pasatiempos
x: -888.6182792332655
y: 42.875
z: -829.6485970334536
yaw: 0.35980224609375
pitch: -0.600052535533905
name: Pesca1
lastowner: 29fd8388-8ad2-3557-a4b8-906cbc75df5e
