world: 9142f9af-7d58-4c11-8757-3306cb8fb950
world-name: pasatiempos
x: -331.56787860681027
y: 136.0
z: -881.1935561099009
yaw: -124.29520416259766
pitch: 44.45696258544922
name: Pesca2
lastowner: 29fd8388-8ad2-3557-a4b8-906cbc75df5e
