world: da277ce7-6011-4a85-ad18-7f0d1c920927
world-name: world
x: -777.4575718018682
y: -56.0
z: -776.7890928008864
yaw: 0.47867363691329956
pitch: 1.162552833557129
name: Tutorial
lastowner: 29fd8388-8ad2-3557-a4b8-906cbc75df5e
