world: 8bbe10e3-1fd9-49b5-aed7-b294347cb72b
world-name: principal
x: -1370.7115235786023
y: 164.0
z: 29.786961913262033
yaw: -114.29217529296875
pitch: 1.5551220178604126
name: Valle
lastowner: 29fd8388-8ad2-3557-a4b8-906cbc75df5e
