world: 8bbe10e3-1fd9-49b5-aed7-b294347cb72b
world-name: principal
x: 892.8368583318749
y: 76.0
z: 2912.7030260145925
yaw: -90.793212890625
pitch: 11.46088695526123
name: Villanueva
lastowner: 29fd8388-8ad2-3557-a4b8-906cbc75df5e
